-998166
-997719
-996360
-996309
-996154
-996146
-995703
-995238
-995066
-994740
-993661
-993211
-992987
-991721
-251553
-989948
-987905
-987062
-985337
-983833
836986
-983669
-912832
-979884
-978752
-978198
-977899
898582
660726
-973906
-973655
-898132
714442
-969984
-969571
-969385
-968928
-595751
-967768
-967199
-966745
-966707
-965512
-963787
-963727
-962741
-961198
-957420
-957331
-953017
-952583
-951626
-951004
-948879
-947668
-946477
-946257
-946036
820546
-944626
876410
-944123
-942713
-942537
-938113
606590
-936854
-936733
-935652
-935044
-739504
-932391
-931079
-930317
120516
-927226
-925644
-924435
-923132
-922943
-922841
-922602
-921403
-920065
-915079
-914237
-914042
-913774
934413
-911790
482843
-910736
-908450
-907367
505657
-902746
-902553
-901827
-900680
-898893
-898727
-971507
-897904
-227720
-893313
-663456
-130295
-613125
-889860
-889201
-887957
-887956
-887534
247311
-885732
-882886
-882788
-879920
-878838
-878793
291670
-876834
-876765
699096
-875720
253595
-872088
-870617
-867337
-865279
-864468
-862390
-860684
-860224
-859625
-408843
-858978
-858766
-858215
-856265
-855640
-855415
-854881
-853053
-852597
-852370
-851520
-851367
-849510
211244
-847432
-450973
-845554
-845217
-844963
121702
-843249
-841635
-841365
-840903
-840816
-839699
-838348
-744477
-836219
-835676
-834490
-832957
-832555
-831801
458767
-458444
-829302
-823446
-818759
-814506
-814488
-812820
-281493
-324240
-812481
-812212
-812044
-810902
-809668
-809296
-804914
-804778
-804548
-425926
-801226
-798588
-798573
-797236
-796813
-796763
-795259
-89569
-171898
-794147
-793873
-793788
-792106
795353
-789613
-788860
392590
-787207
-786247
-783640
401283
-782961
-354401
-782888
-782459
584000
-781897
-781838
605153
-289413
-770946
-770447
712376
-115164
-769033
-768774
-768080
-766164
-762852
763345
-760131
-758952
-757619
177456
-754755
-754463
-754415
-753357
-71232
-749887
-747859
-747081
-745498
-836793
-743232
967991
-740864
-740346
-740305
-739819
-933803
-738817
-738577
-738552
-737781
-737258
-737143
-735047
-830346
-734249
-732347
-731945
-730521
89762
-729357
-362188
-469125
-728309
-724916
-723803
-722026
-721429
-721358
-720950
-717857
-716939
-545942
-716234
-715284
-714343
-713789
-713618
-712535
-709282
-708568
-707560
-706976
-704889
-704871
-704098
-703902
-703305
855430
-698797
-696251
-692763
725803
-688265
-687353
-686477
787233
-683983
-637881
-681258
-680959
-680634
-679634
-678513
-676773
-675467
-674624
124931
-672614
-669193
-668168
-667047
-665512
-665219
-664149
-893110
-662379
-660229
-179527
-658218
-656907
-656136
-655935
-653723
-653346
-652633
-651611
-649552
-649243
-648617
-36117
531013
-927326
-646024
-643979
-643779
-639080
417514
-683640
681814
-634375
-634233
-633289
-633096
-629916
-629792
-629685
-628384
-276935
-628054
-627027
-625465
-624859
-623898
-623468
-621425
-621224
-621022
-621017
-595705
-619544
-619433
-619103
635225
-616735
-614205
-613833
-891424
-612859
-611740
-611510
-609284
-609140
-607305
-604961
-604901
-603240
-602473
-600693
684676
-600376
-599335
-599205
-599034
-598151
-598139
-596978
-596255
-968372
-620373
-595578
-595571
-594185
-594101
-593972
-592129
-590678
-589037
-484360
-587480
-587073
407003
513680
-586166
719281
-583645
-581239
-581153
-580700
-580605
-580087
-579023
-578453
-577982
-577791
-577740
-576987
-576758
-574291
-574115
-573825
-512736
-572308
-571519
-571145
-569623
-567981
-567877
-565040
-563503
-563493
-859289
-560327
-519505
-558505
973069
-556223
-554384
-554333
-554260
-552447
-549828
418216
-547139
-546564
-716238
-545923
-544494
-544108
-544075
-542985
704949
-539215
-538714
-537314
-536388
-534237
-533213
-531517
-531138
111582
-528929
-527882
-525516
-558731
-519404
-518225
-517648
-515484
-514064
-572511
-511129
370716
-509529
-509104
-506770
-504909
-504760
-504646
695411
-504329
-503829
-503323
-502070
-501734
-501293
-499507
-498923
-495982
-494463
-494182
-492085
-491303
-490885
-488541
841298
-486173
-485843
-588053
-482227
-481921
-480968
-480205
-479330
-479124
436204
-478323
-478131
-52962
-475905
-473727
-473470
-472211
-471425
-470509
-469880
-469879
-469754
-469740
624935
-728740
-468662
-467251
-466551
-466133
-464183
-463553
-461917
-461824
970156
-458462
-829626
-457525
-457122
-457120
-456706
-455503
-454082
-452424
-451033
-847079
-450690
-449851
-448182
-447956
-447545
-446507
-445246
-445002
-443783
-442472
-438120
286767
391271
394414
-433014
-432403
-431827
735416
-429882
-428705
-427901
-426822
-804297
-425815
-425739
-425124
-424557
816725
-420911
-420629
-419480
-419373
-418732
-416608
-409543
-272854
-691244
-405375
-403836
-402595
-402513
-400487
-399395
-397962
-394247
-393571
-393162
-390711
-389121
-388939
-387895
-385289
-383827
-383393
-383153
-383120
294760
-381063
-380248
-379439
-378496
-377552
-377003
-376511
-151704
963881
-370988
-369244
-367772
-366236
-366083
-365580
-364774
-364300
-363749
-363300
-362886
-362809
-362375
-729285
-361918
274276
-361199
-360570
-359226
-358471
-355563
-354888
-782894
-353629
-353374
-352451
-350621
-347900
-346431
-345589
-340782
-340389
-337996
-337377
712083
-478720
-336007
-334505
-334345
-332141
-331347
-330385
-329967
-329433
-329206
-329103
-329099
-328763
-328660
-328387
-328020
-327747
-327691
-327335
-326536
-812709
-323521
-322299
-321958
-321854
-320951
-529036
-320623
-319799
-319593
-315464
-313995
-313009
-311846
-311674
-311188
-309566
-308416
-308380
-36842
-306923
-306119
-302257
562778
-295946
-295622
-295305
-293457
-292618
-292056
-290709
-289968
-774826
-288684
-287206
-287099
-286508
-282890
-282308
-281535
-812737
-279833
-278680
-278615
-628156
-276906
-276545
-275947
-275460
-275108
-34140
-273363
-273067
-408857
-308141
-270006
-269875
-268590
-268428
-268244
-265833
-264570
-263648
-263637
-262316
-261843
715065
-259141
-257004
-255922
-255682
-253629
-253583
-253315
-252520
-252366
-990556
-250615
-424143
-247829
-247109
-247009
-246217
207982
-241265
-235083
-234617
299160
-233495
-233322
-229939
-229067
-228609
359084
-227609
-224986
-224982
-224334
-223666
-223027
-222225
-221911
-221717
-221546
-218080
-214291
-212959
-212857
-212101
-211861
-211495
961734
-210707
-208786
-208341
-208273
-208072
-207403
-207239
-207171
-206363
-205982
-203597
839425
-200775
-200178
-199842
-198138
-198106
-192459
-191940
-191671
-191476
-191003
-190454
-189595
-188839
-188350
-186429
-186188
-184519
-243121
-182776
-179600
-658828
-177725
-175472
-175302
-872825
-173647
-172856
-794500
-170397
-169474
-168651
838310
-165527
-159888
-159681
-159280
-157678
-156488
724849
-373267
-151404
-149999
-149029
-148533
-147637
-146579
-145489
-144455
435056
-142468
-139861
-139712
-139709
-139334
21331
-139108
-137965
871904
-133498
-892930
-129634
-128606
-127478
-127244
-126303
-125607
-85647
-123127
317427
-119878
-117488
-117086
-92402
-769449
-113295
-113011
-111874
-111100
-110050
-110004
-109559
-108444
-105195
-104755
-103365
-103194
-102563
-99730
107574
-97334
-762747
-96852
-96199
-95536
-95438
-95381
-116567
-91765
-90639
-89746
416553
-89299
-88785
-87160
-87121
-124243
-85235
-84797
-82093
-82083
-81671
-81057
-80657
-80572
-80231
-79501
-78706
-77878
-77867
-74716
-371429
-71993
838535
-69935
-69279
-68820
-68464
-68085
-62628
-977640
-58454
-58272
-57514
-47693
-56748
-55729
-55253
-54579
-477897
-49374
-48561
-48071
-57055
-46738
-46241
-44569
451074
-42630
-41691
-41418
-41116
-40371
-38790
-38107
-272629
-36651
936398
-35046
-274955
-32795
-31858
-30113
637484
-28560
-28199
527037
-24748
-22663
-20684
-20591
-20368
-20347
-18011
-17535
-17518
-17212
-17003
-16086
-15525
-15347
-14362
-13159
-12288
-10676
-10587
-10101
-7080
-3804
-1512
-1415
-1256
-210
799
3713
3752
13249
13820
13962
13993
14012
17966
19000
19224
62953
20012
21071
-139176
21738
22759
23278
23476
23600
24792
27309
27498
28673
28894
28948
29332
30024
146366
33400
33914
34460
36942
38405
39091
41615
42990
43048
43367
43848
44339
44642
44775
45309
46096
836049
47940
50036
50632
51200
120038
372981
54384
54901
56789
57270
57646
57722
59963
60662
61204
61223
61542
62036
19655
63665
64467
64798
70838
71257
71305
73042
-894253
77867
79503
79912
80208
85168
898547
-729767
868234
90864
93641
756239
99179
505334
99424
100019
101415
102526
931553
105729
106738
-98513
109057
109608
110116
111411
-320911
111610
555231
113503
113632
116961
117373
117522
118376
119494
51555
-556606
-844854
428961
123414
-674365
126179
126403
127369
128780
129509
129696
129801
131243
131459
131781
132590
132875
133913
134316
134845
135509
136603
137429
138245
657739
141664
142582
142969
144380
145021
31175
147811
148332
149020
149488
150108
152184
153105
155091
155748
819816
157851
158067
158597
158641
162281
162541
162767
162829
162945
163608
164076
164411
-337366
165980
247711
166391
167493
167838
168571
168729
169101
170476
171085
171136
172329
848675
175220
175744
949796
178496
181170
181275
507060
183971
184906
186262
187200
188370
188579
190249
192213
192333
192348
192459
192881
195591
197895
198983
199524
205241
205562
-183806
208173
208783
209203
211115
859462
217170
658712
219956
220302
525250
221096
221165
221729
224209
224490
225022
225955
226070
226626
227126
228453
232112
232147
232364
232365
233357
234311
235287
235431
237135
237400
-937783
244425
245228
-886234
166061
250472
251171
251183
252687
-174307
254105
254169
254285
254306
254760
437720
256271
257176
259322
260262
260607
261049
261263
261424
262099
262653
795133
266751
268094
268512
268583
268992
273452
273535
273789
274109
-361498
276241
276450
277263
277801
277952
279142
279751
280581
280615
281180
284680
285786
-436848
287381
290466
290661
-877264
797471
294023
865856
296906
297510
762634
298015
-234221
299563
301119
302805
302939
306594
307233
309422
309723
311469
312107
312570
313804
314459
314844
316710
317172
-121026
317625
891964
318528
319153
319508
320032
320033
323966
324110
324123
325398
327228
328094
330345
331339
331449
331758
332271
336575
336717
337879
338489
341017
341795
341808
343239
343548
344513
344681
347184
347293
351224
351324
351747
352270
352879
353040
353730
357470
358959
74759
359282
361258
736897
365817
366386
368095
369421
370450
370475
-509970
372320
440383
372622
52921
373581
373669
374249
375327
376329
654765
381175
382087
382092
382755
384488
384519
384953
385644
385696
387966
388158
388789
389612
293944
-436226
391842
-787514
392983
394255
858684
394661
397240
397791
398506
399179
399811
400440
-783424
402262
403009
404002
404633
405057
934278
491892
-586727
408165
410799
413574
413947
414079
414421
415281
-795078
-638090
-547520
420658
421763
422316
423384
425005
425449
426130
428509
428853
122580
429475
431664
433430
434126
434153
434296
434340
-143106
-337231
436698
256135
438275
440030
372550
442156
443229
444997
445749
864355
449152
-43878
451727
452478
453301
454400
456458
457058
458005
458247
458679
-734788
459116
487171
460776
460850
460972
691455
461296
462364
462527
462622
463243
464346
464647
465256
466030
467976
468587
468958
469027
682635
474497
477393
478221
478590
478744
479198
480078
480764
-911536
483856
485202
485989
486913
460009
489032
490502
490537
491077
491511
491843
405503
492487
493510
494354
495093
498846
498960
500720
502483
502904
503251
503981
505325
99214
505594
583947
506426
182127
508248
508681
508884
508901
508991
513162
907170
-586467
515547
516811
518631
519784
520333
521278
926542
542265
522581
523029
525192
220755
526797
-27731
527876
528724
-646744
533184
534350
537219
537990
538306
540991
541570
522552
542512
544295
545832
545938
548234
550487
551507
551724
554045
112319
555361
556428
672942
557902
557979
559533
560932
561422
562194
-298332
563006
565601
568155
568849
570656
574164
576409
576866
577958
578474
581514
-905599
757517
584822
588070
588629
588778
589805
592222
594157
595432
600291
601743
602017
603847
603957
604242
604362
-779223
605926
606412
240984
608233
608824
609580
610017
610365
610693
612019
612036
613568
614408
616425
617616
617844
618396
618544
622873
-469406
626403
626428
626686
629152
631747
632513
633233
633646
634449
634661
634774
-618988
-29053
637846
640041
642240
642376
642492
642530
644604
645453
857928
379079
655522
657567
139202
218510
659835
660210
660288
660350
660398
660501
-974048
661441
663024
665382
665551
666783
669392
833206
670172
557119
673832
674740
675838
679658
681232
872209
682132
474337
-600389
686904
688173
688174
690051
690752
690922
461105
835297
691918
692338
694324
-504400
696033
696201
697277
697389
697511
697738
-876607
699621
700452
701138
701364
701411
703205
-541751
707071
709829
710499
711423
711522
165187
-770243
-970557
-260337
716557
-211464
867425
718358
-584809
719321
-563074
720266
720437
722678
-155770
720223
727345
727933
730200
716626
731419
731506
731518
732644
734785
734985
735287
980111
365767
738608
740327
742870
742963
745942
746326
746786
748165
749655
750319
751400
752524
753413
753946
754357
754493
755911
927391
297920
758024
759089
759875
762316
-782042
-97051
765117
766177
771274
768806
769445
766244
771521
772025
772772
772977
774168
774577
774953
777031
780168
780473
782227
782273
783842
784440
785184
785939
813743
787492
788979
789045
791015
791226
791462
791849
792646
792814
793553
793931
794652
-752843
795126
263656
-791586
795588
795746
795863
796319
796831
389739
799037
800247
801881
801917
802520
803767
804852
807148
807269
807441
808478
809497
811587
-686415
816096
-249726
817201
819649
157230
-944917
821283
822059
822293
823044
824244
824320
824349
824666
826193
830756
830902
669548
833713
834955
835064
691654
835646
835762
47747
-983790
904982
-168292
795098
-201191
840762
-488395
841617
843587
845902
848040
848349
174035
848956
849248
853674
853802
-701939
855498
856126
857710
654762
858015
-433857
-847716
862546
863294
447761
865574
-944254
866805
866819
716827
867724
90367
868632
868633
869514
870014
870161
-135078
-637623
872413
874009
875219
875491
876078
-382337
880226
881087
883016
884840
884937
885580
886547
888131
888769
890709
318410
892346
893174
894592
895570
919553
896611
85505
-62421
899052
899267
900557
902555
904890
838126
905530
905972
906191
906680
907006
513364
910215
911027
911562
911682
912225
915640
916031
916493
917474
917652
918540
919013
896187
920543
925113
522162
926595
927161
93730
930836
103790
931814
932155
405068
-980069
934460
936035
936339
936374
-647568
936925
937044
937300
937342
938988
939856
940620
941450
941481
943562
944779
945319
948214
949397
963512
951707
952140
952835
954139
954267
954160
955297
956148
957227
957635
959133
960511
730353
962290
-754924
963744
-72109
965213
965408
966248
-741474
968127
968590
968998
-460220
971211
971288
-646113
976845
978366
978383
979497
-431578
980370
980970
982455
982460
982505
982827
984306
985141
986514
986707
987322
990436
992009
992315
992407
994005
994318
995100
998473
999372
