999372
998473
995100
994318
994005
992407
992315
992009
990436
987322
986707
986514
985141
984306
982827
982505
982460
982455
980970
980370
980111
979497
978383
978366
976845
973069
971288
971211
970156
968998
968590
968127
967991
966248
965408
965213
963881
963744
963512
962290
961734
960511
959133
957635
957227
956148
955297
954267
954160
954139
952835
952140
951707
949796
949397
948214
945319
944779
943562
941481
941450
940620
939856
938988
937342
937300
937044
936925
936398
936374
936339
936035
934460
934413
934278
932155
931814
931553
930836
927391
927161
926595
926542
925113
920543
919553
919013
918540
917652
917474
916493
916031
915640
912225
911682
911562
911027
910215
907170
907006
906680
906191
905972
905530
904982
904890
902555
900557
899267
899052
898582
898547
896611
896187
895570
894592
893174
892346
891964
890709
888769
888131
886547
885580
884937
884840
883016
881087
880226
876410
876078
875491
875219
874009
872413
872209
871904
870161
870014
869514
868633
868632
868234
867724
867425
866819
866805
865856
865574
864355
863294
862546
859462
858684
858015
857928
857710
856126
855498
855430
853802
853674
849248
848956
848675
848349
848040
845902
843587
841617
841298
840762
839425
838535
838310
838126
836986
836049
835762
835646
835297
835064
834955
833713
833206
830902
830756
826193
824666
824349
824320
824244
823044
822293
822059
821283
820546
819816
819649
817201
816725
816096
813743
811587
809497
808478
807441
807269
807148
804852
803767
802520
801917
801881
800247
799037
797471
796831
796319
795863
795746
795588
795353
795133
795126
795098
794652
793931
793553
792814
792646
791849
791462
791226
791015
789045
788979
787492
787233
785939
785184
784440
783842
782273
782227
780473
780168
777031
774953
774577
774168
772977
772772
772025
771521
771274
769445
768806
766244
766177
765117
763345
762634
762316
759875
759089
758024
757517
756239
755911
754493
754357
753946
753413
752524
751400
750319
749655
748165
746786
746326
745942
742963
742870
740327
738608
736897
735416
735287
734985
734785
732644
731518
731506
731419
730353
730200
727933
727345
725803
724849
722678
720437
720266
720223
719321
719281
718358
716827
716626
716557
715065
714442
712376
712083
711522
711423
710499
709829
707071
704949
703205
701411
701364
701138
700452
699621
699096
697738
697511
697389
697277
696201
696033
695411
694324
692338
691918
691654
691455
690922
690752
690051
688174
688173
686904
684676
682635
682132
681814
681232
679658
675838
674740
673832
672942
670172
669548
669392
666783
665551
665382
663024
661441
660726
660501
660398
660350
660288
660210
659835
658712
657739
657567
655522
654765
654762
645453
644604
642530
642492
642376
642240
640041
637846
637484
635225
634774
634661
634449
633646
633233
632513
631747
629152
626686
626428
626403
624935
622873
618544
618396
617844
617616
616425
614408
613568
612036
612019
610693
610365
610017
609580
608824
608233
606590
606412
605926
605153
604362
604242
603957
603847
602017
601743
600291
595432
594157
592222
589805
588778
588629
588070
584822
584000
583947
581514
578474
577958
576866
576409
574164
570656
568849
568155
565601
563006
562778
562194
561422
560932
559533
557979
557902
557119
556428
555361
555231
554045
551724
551507
550487
548234
545938
545832
544295
542512
542265
541570
540991
538306
537990
537219
534350
533184
531013
528724
527876
527037
526797
525250
525192
523029
522581
522552
522162
521278
520333
519784
518631
516811
515547
513680
513364
513162
508991
508901
508884
508681
508248
507060
506426
505657
505594
505334
505325
503981
503251
502904
502483
500720
498960
498846
495093
494354
493510
492487
491892
491843
491511
491077
490537
490502
489032
487171
486913
485989
485202
483856
482843
480764
480078
479198
478744
478590
478221
477393
474497
474337
469027
468958
468587
467976
466030
465256
464647
464346
463243
462622
462527
462364
461296
461105
460972
460850
460776
460009
459116
458767
458679
458247
458005
457058
456458
454400
453301
452478
451727
451074
449152
447761
445749
444997
443229
442156
440383
440030
438275
437720
436698
436204
435056
434340
434296
434153
434126
433430
431664
429475
428961
428853
428509
426130
425449
425005
423384
422316
421763
420658
418216
417514
416553
415281
414421
414079
413947
413574
410799
408165
407003
405503
405068
405057
404633
404002
403009
402262
401283
400440
399811
399179
398506
397791
397240
394661
394414
394255
392983
392590
391842
391271
389739
389612
388789
388158
387966
385696
385644
384953
384519
384488
382755
382092
382087
381175
379079
376329
375327
374249
373669
373581
372981
372622
372550
372320
370716
370475
370450
369421
368095
366386
365817
365767
361258
359282
359084
358959
357470
353730
353040
352879
352270
351747
351324
351224
347293
347184
344681
344513
343548
343239
341808
341795
341017
338489
337879
336717
336575
332271
331758
331449
331339
330345
328094
327228
325398
324123
324110
323966
320033
320032
319508
319153
318528
318410
317625
317427
317172
316710
314844
314459
313804
312570
312107
311469
309723
309422
307233
306594
302939
302805
301119
299563
299160
298015
297920
297510
296906
294760
294023
293944
291670
290661
290466
287381
286767
285786
284680
281180
280615
280581
279751
279142
277952
277801
277263
276450
276241
274276
274109
273789
273535
273452
268992
268583
268512
268094
266751
263656
262653
262099
261424
261263
261049
260607
260262
259322
257176
256271
256135
254760
254306
254285
254169
254105
253595
252687
251183
251171
250472
247711
247311
245228
244425
240984
237400
237135
235431
235287
234311
233357
232365
232364
232147
232112
228453
227126
226626
226070
225955
225022
224490
224209
221729
221165
221096
220755
220302
219956
218510
217170
211244
211115
209203
208783
208173
207982
205562
205241
199524
198983
197895
195591
192881
192459
192348
192333
192213
190249
188579
188370
187200
186262
184906
183971
182127
181275
181170
178496
177456
175744
175220
174035
172329
171136
171085
170476
169101
168729
168571
167838
167493
166391
166061
165980
165187
164411
164076
163608
162945
162829
162767
162541
162281
158641
158597
158067
157851
157230
155748
155091
153105
152184
150108
149488
149020
148332
147811
146366
145021
144380
142969
142582
141664
139202
138245
137429
136603
135509
134845
134316
133913
132875
132590
131781
131459
131243
129801
129696
129509
128780
127369
126403
126179
124931
123414
122580
121702
120516
120038
119494
118376
117522
117373
116961
113632
113503
112319
111610
111582
111411
110116
109608
109057
107574
106738
105729
103790
102526
101415
100019
99424
99214
99179
93730
93641
90864
90367
89762
85505
85168
80208
79912
79503
77867
74759
73042
71305
71257
70838
64798
64467
63665
62953
62036
61542
61223
61204
60662
59963
57722
57646
57270
56789
54901
54384
52921
51555
51200
50632
50036
47940
47747
46096
45309
44775
44642
44339
43848
43367
43048
42990
41615
39091
38405
36942
34460
33914
33400
31175
30024
29332
28948
28894
28673
27498
27309
24792
23600
23476
23278
22759
21738
21331
21071
20012
19655
19224
19000
17966
14012
13993
13962
13820
13249
3752
3713
799
-210
-1256
-1415
-1512
-3804
-7080
-10101
-10587
-10676
-12288
-13159
-14362
-15347
-15525
-16086
-17003
-17212
-17518
-17535
-18011
-20347
-20368
-20591
-20684
-22663
-24748
-27731
-28199
-28560
-29053
-30113
-31858
-32795
-34140
-35046
-36117
-36651
-36842
-38107
-38790
-40371
-41116
-41418
-41691
-42630
-43878
-44569
-46241
-46738
-47693
-48071
-48561
-49374
-52962
-54579
-55253
-55729
-56748
-57055
-57514
-58272
-58454
-62421
-62628
-68085
-68464
-68820
-69279
-69935
-71232
-71993
-72109
-74716
-77867
-77878
-78706
-79501
-80231
-80572
-80657
-81057
-81671
-82083
-82093
-84797
-85235
-85647
-87121
-87160
-88785
-89299
-89569
-89746
-90639
-91765
-92402
-95381
-95438
-95536
-96199
-96852
-97051
-97334
-98513
-99730
-102563
-103194
-103365
-104755
-105195
-108444
-109559
-110004
-110050
-111100
-111874
-113011
-113295
-115164
-116567
-117086
-117488
-119878
-121026
-123127
-124243
-125607
-126303
-127244
-127478
-128606
-129634
-130295
-133498
-135078
-137965
-139108
-139176
-139334
-139709
-139712
-139861
-142468
-143106
-144455
-145489
-146579
-147637
-148533
-149029
-149999
-151404
-151704
-155770
-156488
-157678
-159280
-159681
-159888
-165527
-168292
-168651
-169474
-170397
-171898
-172856
-173647
-174307
-175302
-175472
-177725
-179527
-179600
-182776
-183806
-184519
-186188
-186429
-188350
-188839
-189595
-190454
-191003
-191476
-191671
-191940
-192459
-198106
-198138
-199842
-200178
-200775
-201191
-203597
-205982
-206363
-207171
-207239
-207403
-208072
-208273
-208341
-208786
-210707
-211464
-211495
-211861
-212101
-212857
-212959
-214291
-218080
-221546
-221717
-221911
-222225
-223027
-223666
-224334
-224982
-224986
-227609
-227720
-228609
-229067
-229939
-233322
-233495
-234221
-234617
-235083
-241265
-243121
-246217
-247009
-247109
-247829
-249726
-250615
-251553
-252366
-252520
-253315
-253583
-253629
-255682
-255922
-257004
-259141
-260337
-261843
-262316
-263637
-263648
-264570
-265833
-268244
-268428
-268590
-269875
-270006
-272629
-272854
-273067
-273363
-274955
-275108
-275460
-275947
-276545
-276906
-276935
-278615
-278680
-279833
-281493
-281535
-282308
-282890
-286508
-287099
-287206
-288684
-289413
-289968
-290709
-292056
-292618
-293457
-295305
-295622
-295946
-298332
-302257
-306119
-306923
-308141
-308380
-308416
-309566
-311188
-311674
-311846
-313009
-313995
-315464
-319593
-319799
-320623
-320911
-320951
-321854
-321958
-322299
-323521
-324240
-326536
-327335
-327691
-327747
-328020
-328387
-328660
-328763
-329099
-329103
-329206
-329433
-329967
-330385
-331347
-332141
-334345
-334505
-336007
-337231
-337366
-337377
-337996
-340389
-340782
-345589
-346431
-347900
-350621
-352451
-353374
-353629
-354401
-354888
-355563
-358471
-359226
-360570
-361199
-361498
-361918
-362188
-362375
-362809
-362886
-363300
-363749
-364300
-364774
-365580
-366083
-366236
-367772
-369244
-370988
-371429
-373267
-376511
-377003
-377552
-378496
-379439
-380248
-381063
-382337
-383120
-383153
-383393
-383827
-385289
-387895
-388939
-389121
-390711
-393162
-393571
-394247
-397962
-399395
-400487
-402513
-402595
-403836
-405375
-408843
-408857
-409543
-416608
-418732
-419373
-419480
-420629
-420911
-424143
-424557
-425124
-425739
-425815
-425926
-426822
-427901
-428705
-429882
-431578
-431827
-432403
-433014
-433857
-436226
-436848
-438120
-442472
-443783
-445002
-445246
-446507
-447545
-447956
-448182
-449851
-450690
-450973
-451033
-452424
-454082
-455503
-456706
-457120
-457122
-457525
-458444
-458462
-460220
-461824
-461917
-463553
-464183
-466133
-466551
-467251
-468662
-469125
-469406
-469740
-469754
-469879
-469880
-470509
-471425
-472211
-473470
-473727
-475905
-477897
-478131
-478323
-478720
-479124
-479330
-480205
-480968
-481921
-482227
-484360
-485843
-486173
-488395
-488541
-490885
-491303
-492085
-494182
-494463
-495982
-498923
-499507
-501293
-501734
-502070
-503323
-503829
-504329
-504400
-504646
-504760
-504909
-506770
-509104
-509529
-509970
-511129
-512736
-514064
-515484
-517648
-518225
-519404
-519505
-525516
-527882
-528929
-529036
-531138
-531517
-533213
-534237
-536388
-537314
-538714
-539215
-541751
-542985
-544075
-544108
-544494
-545923
-545942
-546564
-547139
-547520
-549828
-552447
-554260
-554333
-554384
-556223
-556606
-558505
-558731
-560327
-563074
-563493
-563503
-565040
-567877
-567981
-569623
-571145
-571519
-572308
-572511
-573825
-574115
-574291
-576758
-576987
-577740
-577791
-577982
-578453
-579023
-580087
-580605
-580700
-581153
-581239
-583645
-584809
-586166
-586467
-586727
-587073
-587480
-588053
-589037
-590678
-592129
-593972
-594101
-594185
-595571
-595578
-595705
-595751
-596255
-596978
-598139
-598151
-599034
-599205
-599335
-600376
-600389
-600693
-602473
-603240
-604901
-604961
-607305
-609140
-609284
-611510
-611740
-612859
-613125
-613833
-614205
-616735
-618988
-619103
-619433
-619544
-620373
-621017
-621022
-621224
-621425
-623468
-623898
-624859
-625465
-627027
-628054
-628156
-628384
-629685
-629792
-629916
-633096
-633289
-634233
-634375
-637623
-637881
-638090
-639080
-643779
-643979
-646024
-646113
-646744
-647568
-648617
-649243
-649552
-651611
-652633
-653346
-653723
-655935
-656136
-656907
-658218
-658828
-660229
-662379
-663456
-664149
-665219
-665512
-667047
-668168
-669193
-672614
-674365
-674624
-675467
-676773
-678513
-679634
-680634
-680959
-681258
-683640
-683983
-686415
-686477
-687353
-688265
-691244
-692763
-696251
-698797
-701939
-703305
-703902
-704098
-704871
-704889
-706976
-707560
-708568
-709282
-712535
-713618
-713789
-714343
-715284
-716234
-716238
-716939
-717857
-720950
-721358
-721429
-722026
-723803
-724916
-728309
-728740
-729285
-729357
-729767
-730521
-731945
-732347
-734249
-734788
-735047
-737143
-737258
-737781
-738552
-738577
-738817
-739504
-739819
-740305
-740346
-740864
-741474
-743232
-744477
-745498
-747081
-747859
-749887
-752843
-753357
-754415
-754463
-754755
-754924
-757619
-758952
-760131
-762747
-762852
-766164
-768080
-768774
-769033
-769449
-770243
-770447
-770946
-774826
-779223
-781838
-781897
-782042
-782459
-782888
-782894
-782961
-783424
-783640
-786247
-787207
-787514
-788860
-789613
-791586
-792106
-793788
-793873
-794147
-794500
-795078
-795259
-796763
-796813
-797236
-798573
-798588
-801226
-804297
-804548
-804778
-804914
-809296
-809668
-810902
-812044
-812212
-812481
-812709
-812737
-812820
-814488
-814506
-818759
-823446
-829302
-829626
-830346
-831801
-832555
-832957
-834490
-835676
-836219
-836793
-838348
-839699
-840816
-840903
-841365
-841635
-843249
-844854
-844963
-845217
-845554
-847079
-847432
-847716
-849510
-851367
-851520
-852370
-852597
-853053
-854881
-855415
-855640
-856265
-858215
-858766
-858978
-859289
-859625
-860224
-860684
-862390
-864468
-865279
-867337
-870617
-872088
-872825
-875720
-876607
-876765
-876834
-877264
-878793
-878838
-879920
-882788
-882886
-885732
-886234
-887534
-887956
-887957
-889201
-889860
-891424
-892930
-893110
-893313
-894253
-897904
-898132
-898727
-898893
-900680
-901827
-902553
-902746
-905599
-907367
-908450
-910736
-911536
-911790
-912832
-913774
-914042
-914237
-915079
-920065
-921403
-922602
-922841
-922943
-923132
-924435
-925644
-927226
-927326
-930317
-931079
-932391
-933803
-935044
-935652
-936733
-936854
-937783
-938113
-942537
-942713
-944123
-944254
-944626
-944917
-946036
-946257
-946477
-947668
-948879
-951004
-951626
-952583
-953017
-957331
-957420
-961198
-962741
-963727
-963787
-965512
-966707
-966745
-967199
-967768
-968372
-968928
-969385
-969571
-969984
-970557
-971507
-973655
-973906
-974048
-977640
-977899
-978198
-978752
-979884
-980069
-983669
-983790
-983833
-985337
-987062
-987905
-989948
-990556
-991721
-992987
-993211
-993661
-994740
-995066
-995238
-995703
-996146
-996154
-996309
-996360
-997719
-998166
